2.724021042232455669e-01
5.609745648834955078e-01
5.018766233972583590e-01
5.107177809562828408e-01
4.140754498863016830e-01
6.320460033776901243e-01
5.478175002665041093e-01
5.672489416565223985e-01
7.288713168435632106e-01
6.838948293443564141e-01
6.633868387073368345e-01
4.939331322726608353e-01
6.590642868969772694e-01
4.500283243400752808e-01
5.457434108174025189e-01
4.916385542395024788e-01
4.369739710205879368e-01
6.473505814265525515e-01
6.194535403316298039e-01
4.393977893949108648e-01
5.673340405383404672e-01
3.971485636802267738e-01
7.370984937421768413e-01
6.544855531177991015e-01
5.692795153246512641e-01
4.771250730934991635e-01
5.103229654617660316e-01
4.816185997643951944e-01
5.750454153083585096e-01
7.060319936313569356e-01
5.422480701397403013e-01
4.911865236678715219e-01
5.530708150058941674e-01
3.740159126049303340e-01
4.392100596787545386e-01
5.585832670288088941e-01
6.229555766819532270e-01
3.515177179144723385e-01
5.939001306757346610e-01
5.497307666187136732e-01
5.457671490621823773e-01
5.032477413392009158e-01
5.264310883611544867e-01
5.062108917127290386e-01
4.107295868411767192e-01
5.819289874727466838e-01
5.378556063183739244e-01
5.169455633749424628e-01
5.269546303133082477e-01
5.334178806322684707e-01
3.792315521471318895e-01
6.921588902341474503e-01
4.757127997121344820e-01
4.878333227584605858e-01
5.810028993239184647e-01
3.495692125071295786e-01
4.467242394703504482e-01
5.020857428804892386e-01
6.130995643476020440e-01
6.770147833217449174e-01
5.621214702851518030e-01
4.398993327358060035e-01
4.985925295131505286e-01
3.167562675006511119e-01
3.343092773495857095e-01
4.729820808752943084e-01
6.322920218133302184e-01
3.860454834241702771e-01
3.990078682093340379e-01
3.385987965140194733e-01
6.407112436503787922e-01
6.104710617406909900e-01
4.349982971229952033e-01
7.133343251998365275e-01
2.759140015230946430e-01
3.985886835542052364e-01
4.803915599028966699e-01
5.504022627668903045e-01
5.949212274704828163e-01
5.670212817114455017e-01
5.204803964185468201e-01
4.986154026291108043e-01
4.965878691266874534e-01
2.765224535339074752e-01
5.092575116356746756e-01
5.586333381534894782e-01
5.618462099866501358e-01
6.863957194046029775e-01
5.634646457958339960e-01
5.463879318355804315e-01
5.332008587188399318e-01
6.305942292914514802e-01
7.023625967935647196e-01
4.381704111584875938e-01
4.836531155918888381e-01
4.826855363693883794e-01
5.339763112717147431e-01
5.821398674472956225e-01
4.626129428370647778e-01
5.064659235140259730e-01
4.896117387254609876e-01
4.739066156540733821e-01
4.844665951795545378e-01
4.168908319512300564e-01
6.090074938269930405e-01
4.268340281042961037e-01
3.841167054129101532e-01
4.453590624015849042e-01
6.279845105442308784e-01
4.720476437155161631e-01
6.260288090177046350e-01
5.449532414801736557e-01
3.440691983664739828e-01
6.896178589631379863e-01
6.439143653198281525e-01
6.959526648336348265e-01
4.674313278496321500e-01
7.302080550261954572e-01
2.845426737842312592e-01
5.507060202849085595e-01
8.248413619028726051e-01
4.354844628662139505e-01
4.722822485704805118e-01
4.860782687136142588e-01
4.852901433632372252e-01
2.899852170877434965e-01
6.173564486810798613e-01
4.036568862472559860e-01
7.746994229171098034e-01
6.575054264074786659e-01
6.689063884796010440e-01
4.327274467955321002e-01
7.417393247940911039e-01
5.990890493870156819e-01
4.208875178913791260e-01
5.175238874582528403e-01
5.766965908136287844e-01
4.632575589910010172e-01
5.686251183823531896e-01
4.279511348569522977e-01
6.599090335331240231e-01
6.452999054768486786e-01
5.724547137776794248e-01
5.321169867132871101e-01
2.465858414936378529e-01
4.876828810370398282e-01
3.704417091267812601e-01
6.376786430311466303e-01
5.196183148484843084e-01
5.100175313010253397e-01
3.250630739952647397e-01
3.394323142608264288e-01
6.247369955297291666e-01
5.283311572375228859e-01
4.567852710689277451e-01
4.416444261514818059e-01
6.090231275827667767e-01
5.199925878337297025e-01
4.967875422485985570e-01
4.652206362610012413e-01
5.083002664869709086e-01
6.138307839676852007e-01
4.119342347245175673e-01
6.482290863993342978e-01
4.788539885336717816e-01
4.974728430109194299e-01
5.033275716539004074e-01
4.465979585936851182e-01
4.392970807257931543e-01
6.990680359908009178e-01
4.921518334272688144e-01
4.114433536254478718e-01
6.830451434112463360e-01
7.770091751041213746e-01
4.908043596018218380e-01
3.720137342294947969e-01
5.987346488507435671e-01
7.620823860188042920e-01
5.069641808674899552e-01
4.918199795425536869e-01
5.541392198729941931e-01
7.445593441201280305e-01
6.421004860717545171e-01
5.341133211003697978e-01
6.682347248865811995e-01
6.199415906612986138e-01
5.846884634151721105e-01
4.769244682246936984e-01
4.516993288455788402e-01
6.551295953664478811e-01
2.589640165085439483e-01
5.636484763798894626e-01
6.434783936497169288e-01
3.443990355881170196e-01
3.930536025620963714e-01
6.756443545878799695e-01
3.652731707343734313e-01
4.088430342221988645e-01
5.863045145511134315e-01
6.057117302790360203e-01
5.568699084967264623e-01
7.231013257830684049e-01
5.051804466053382292e-01
5.167151791047489562e-01
6.391292010871654217e-01
4.313792891883752589e-01
4.409606464860905128e-01
5.461070998798175369e-01
4.946091435413155213e-01
6.971638777857540603e-01
3.708489941421534430e-01
4.226135959328231051e-01
6.268592976553829521e-01
5.675623626587882331e-01
6.013935038156507096e-01
5.305953934511808967e-01
2.978394531628962838e-01
3.669510443825182988e-01
3.113772863517855205e-01
7.570379060180931763e-01
4.649388044793984487e-01
3.853281040059159390e-01
2.807882115848119864e-01
5.916003949826290631e-01
5.270424089735820106e-01
6.907667424457151206e-01
7.515212480942168316e-01
4.841939341047699630e-01
6.558087460522612488e-01
4.678816763014893021e-01
6.394266502817922415e-01
5.592547429202695541e-01
6.341733156130291427e-01
5.010262719096816308e-01
5.631002561052982358e-01
6.140827550963057213e-01
6.926769431446762049e-01
4.750242729825356336e-01
4.082186977149621643e-01
5.033122415021270557e-01
6.698225171321094962e-01
6.142589981259601872e-01
4.822900031091853501e-01
6.006071888429064254e-01
3.800310865714318642e-01
4.417385894829642945e-01
4.508390697069826203e-01
5.022242555611808879e-01
5.214696984112363598e-01
5.911814072213288362e-01
4.059542894283472703e-01
3.191198961840787662e-01
5.809091916566390124e-01
6.364346355927910093e-01
5.921224327794650799e-01
7.135063989563291686e-01
6.326991660158511888e-01
5.052139232559450521e-01
5.309300427754227725e-01
3.969220774432019039e-01
3.492863839240881729e-01
7.593739449742817893e-01
3.415906178893320932e-01
4.642691028237795337e-01
4.447293065290041647e-01
2.550007678552670964e-01
5.032542319178648915e-01
6.214335734773714925e-01
3.217927882349926327e-01
4.151731874710953840e-01
6.075786143622095015e-01
5.881064719448296785e-01
5.003807714254521199e-01
5.170230923395999767e-01
5.136371851038734615e-01
6.049748686680503917e-01
6.279084044814997601e-01
6.264367163974876584e-01
4.725291489183579552e-01
3.550496476172131377e-01
5.369013936365214512e-01
5.820684092552924627e-01
4.872634951775918211e-01
4.594110577593598643e-01
4.634086796091427818e-01
5.674831532469541973e-01
5.613608178902218526e-01
3.603652062481136342e-01
6.624024298115136489e-01
5.863028501767929557e-01
3.260748955205595156e-01
6.795918068655436572e-01
7.166411182736702745e-01
4.259150104171496865e-01
5.063915414368609369e-01
5.083979587426240565e-01
3.057608177917766623e-01
6.807083272737181057e-01
6.588398970059762272e-01
2.834424670810698488e-01
4.084682292296145656e-01
4.195229515012911525e-01
4.039288809746388598e-01
7.244127846636825296e-01
4.521424995857987184e-01
5.305829071786447582e-01
4.646943853011044068e-01
4.438022672734691088e-01
4.693494266957537464e-01
6.316390870983247252e-01
3.534362210461403087e-01
4.545953970736356098e-01
5.646247550312988306e-01
5.028276926677996972e-01
4.848889600425504431e-01
3.237993496787641701e-01
6.326819667779366441e-01
5.201595495259353497e-01
5.904678838924178885e-01
4.454272821566349627e-01
4.926280949593620506e-01
4.812739834211892109e-01
4.168459036634666326e-01
4.472357619108374704e-01
6.981772808748922809e-01
5.630827063519644460e-01
3.651519264862442826e-01
5.095716129380636339e-01
6.733843113105748568e-01
6.163014008695799628e-01
4.927307286381674145e-01
6.634757790333339900e-01
5.116512427570124588e-01
5.294339616128543868e-01
5.477422908422109327e-01
4.491652650102224698e-01
4.663970833499967439e-01
6.041968866510200042e-01
6.640096400547728095e-01
5.530169078258331261e-01
6.773778363483395903e-01
5.782524697813511416e-01
6.823717327509177810e-01
4.932000526284619490e-01
7.509217673595631748e-01
7.284822634812163633e-01
5.549314385437200681e-01
4.340306964527628764e-01
4.243483239054022804e-01
4.221480715880166490e-01
4.799410198043861375e-01
3.864037444736654892e-01
4.310171554013520478e-01
5.336372454228851536e-01
5.151591128367476458e-01
5.855008012599394185e-01
3.902123264759796983e-01
5.399707189437277233e-01
5.713547090244555093e-01
6.167423944647634215e-01
5.963509732173712941e-01
5.597426435979903081e-01
1.717173716125074412e-01
2.885600179965225887e-01
7.786689398780972660e-01
3.721727043526821266e-01
5.560531917315965078e-01
4.742991594895368812e-01
5.490532598089234995e-01
5.044311969647833349e-01
5.329719213392055677e-01
6.064995644132712416e-01
5.573754516454697550e-01
7.462233376429927567e-01
4.164590402378584577e-01
6.976192176372868481e-01
5.583581652540019480e-01
4.898707751053164028e-01
4.148100172326164570e-01
5.017759755865482951e-01
6.495071562647828367e-01
6.342297443656241818e-01
7.113638254506718939e-01
5.372773492292038933e-01
6.692220390195595670e-01
3.583789134381917818e-01
6.724433618847821537e-01
4.733609851195623164e-01
5.196607751927021512e-01
3.580874308374018544e-01
6.418459773008104996e-01
3.503185238362447884e-01
5.151471461426376797e-01
6.361303582912499754e-01
5.939615658154145938e-01
4.650122024870721460e-01
5.005177356409131750e-01
4.324092521972070502e-01
5.683731412682080375e-01
4.471940243879370391e-01
4.761870915750841537e-01
4.496392806575126855e-01
4.060156402789800167e-01
4.746041777592438504e-01
6.469984492491900330e-01
6.947028908464584207e-01
7.314025250707762993e-01
4.013651771606551177e-01
8.154861802328661202e-01
6.363731053103682811e-01
6.796507393267453567e-01
2.552031650720353873e-01
5.575613691115359760e-01
4.579882690946036061e-01
5.218710746055084115e-01
3.443875776035269509e-01
4.739148685974078345e-01
5.728912586142360652e-01
2.638303327353594407e-01
6.965734248888915126e-01
3.171422602969700133e-01
6.128283996645407239e-01
2.624995603722219961e-01
5.082720941060863140e-01
4.298308014008251909e-01
6.954898620971473600e-01
5.562588111506230337e-01
3.913561542901670132e-01
3.989146721776878346e-01
5.407292583631804206e-01
6.923405443863687170e-01
4.293832739040219781e-01
6.951412805961829644e-01
5.426138824272073169e-01
4.085827588866172144e-01
4.971605447759971375e-01
5.188926365240983385e-01
3.033561411050282874e-01
5.882270350491477506e-01
4.734329098460710594e-01
2.493513811941332481e-01
4.778584048683366392e-01
4.998590061075177671e-01
5.134189677715267353e-01
4.897189487204438585e-01
5.570869172203817277e-01
5.868373466576678466e-01
5.242635841171231492e-01
5.630223373346624482e-01
6.920819839216827418e-01
4.296294961816881086e-01
4.451541209964411938e-01
5.351037022910668517e-01
4.110192548984643035e-01
4.380165151484931019e-01
6.110223272825134888e-01
5.228904979536604936e-01
4.310807006834986299e-01
6.649395916987071997e-01
4.828094680714601350e-01
6.647616609013750066e-01
5.808324360250702867e-01
4.900519113835630769e-01
3.320642943155617810e-01
6.004556313602033013e-01
4.000599331998416219e-01
5.911147847434072844e-01
6.925501827937264876e-01
4.464960415218668932e-01
4.960406244573543622e-01
4.765956254440588125e-01
4.340531516478723928e-01
5.861061914098731895e-01
5.057269030087073736e-01
7.123858529135536077e-01
5.165330070957608877e-01
5.289801595141045976e-01
5.814798921217300132e-01
6.496695497416534737e-01
5.882929630056776826e-01
5.271020176014652447e-01
5.274335072554561243e-01
5.106287146403736266e-01
5.511038629236947317e-01
6.374850123684306924e-01
6.038769043213528809e-01
5.445000090204804577e-01
4.003591203533137799e-01
4.894646728779248890e-01
4.312925406292369979e-01
5.748872531726254564e-01
4.299616309624701427e-01
5.604650412198681764e-01
5.945658977838181869e-01
6.017479330068886689e-01
5.661141672285642246e-01
4.378127399537098952e-01
5.079015308409355889e-01
5.851110990660642885e-01
5.844245241689804971e-01
