4.318884836537180139e-01
2.596065799937345986e-01
4.037902442438973116e-01
3.246643601043877614e-01
3.658858852710626386e-01
2.138137749939430232e-01
3.112231589823552524e-01
3.606479854206871005e-01
1.001526465270746180e-01
2.048161798771653275e-01
2.151081816215425768e-01
3.726851593468514245e-01
2.272666436277566704e-01
4.229172506989732905e-01
1.741041971973737723e-01
1.195869024572213529e-01
5.136675037692052248e-01
2.506857870698834256e-01
2.170939014018350988e-01
4.327390718730280139e-01
3.115146237012198505e-01
4.936903594285227403e-01
2.429067388616985845e-01
2.628878287165700156e-01
2.572973570725096693e-01
4.458950161045300287e-01
3.822058064691656321e-01
3.854058611597342421e-01
3.436177786260234401e-01
1.923861174473964764e-01
2.051191638362284408e-01
2.270220436804746000e-01
1.969205720853922370e-01
5.257102301589113846e-01
5.119548230241153242e-01
3.007841484182905423e-01
3.232201433974594695e-01
5.384696533153469078e-01
1.275954090996393731e-01
3.280455046238681671e-01
3.815566200171653377e-01
3.222005703341904725e-01
3.379201061870352740e-01
3.832085747721463709e-01
4.453025275068579480e-01
3.029014148047325938e-01
1.802943263808310381e-01
3.719962951810719676e-01
1.862175719969534904e-01
3.694135987950303845e-01
4.515347983864526071e-01
2.547098670261668807e-01
4.397779712565202392e-01
3.047209823256962768e-01
2.199036844097820298e-01
4.544291598564393353e-01
4.062132434410339332e-01
4.509559746886615539e-01
3.217770919631446902e-01
1.686632375231198466e-01
3.798675824256511069e-01
5.070394603834141867e-01
3.471572599973418716e-01
5.829998763982330301e-01
4.132894630095379496e-01
1.771807324170005526e-01
2.985833277715786438e-01
4.679792958019076687e-01
3.362638743679828290e-01
3.325899551879702987e-01
2.690461823833223964e-01
2.392606135028485237e-01
4.589691981874128301e-01
2.514277877633543379e-01
4.629500006785140509e-01
2.486972995254161378e-01
2.198775899257971456e-01
3.280360308283107318e-01
3.846014263297050095e-01
3.667193311390217203e-01
4.259271861689157834e-01
1.868587147112313607e-01
4.170671560089972418e-01
5.454738250436307334e-01
3.333828862332653964e-01
3.166471659138021533e-01
3.315423595747308272e-01
2.057180480423134172e-01
3.280921260860862332e-01
2.165930574788475227e-01
3.323964633595437035e-01
1.879172087374312849e-01
1.342888696876184396e-01
2.944167729448877169e-01
3.743017291688091053e-01
3.385761473229688678e-01
3.098199483004574484e-01
2.576080500486055413e-01
3.868376703970111130e-01
3.277508706777745306e-01
2.146617988573741587e-01
4.761730931699961755e-01
4.999033066595885977e-01
3.794883211340691620e-01
3.085006329337316999e-01
4.383043976464004454e-01
3.653151490843307148e-01
4.456918993205035151e-01
1.426164273280882966e-01
3.331179388654743057e-01
2.690559715700483467e-01
4.242152704006140196e-01
5.376923804995579204e-01
1.915298113118610590e-01
2.943952676053270823e-01
1.775504946035792453e-01
3.247675126776613519e-01
2.334503907101870279e-01
4.547817268148983683e-01
2.038785094892148764e-01
1.390226571901326535e-01
3.308939090788939885e-01
4.589277247190702846e-01
3.005807592777614556e-01
4.039571812180945964e-01
5.283815773470995625e-01
1.755787238514512905e-01
5.084485362792956487e-01
1.696854896538488033e-01
2.822276286988445460e-01
2.300550911544257116e-01
4.580354400417005478e-01
1.993552604854928467e-01
2.301065630581827226e-01
3.429668935824234377e-01
3.355366061913591103e-01
2.570512328639680821e-01
3.671924574379289430e-01
2.453994340368837457e-01
3.916164767949086856e-01
1.716787147261830682e-01
2.389175562863704028e-01
3.018720907848694290e-01
4.122959568425568766e-01
6.980828066216263617e-01
2.990507698038141204e-01
1.565195501448091442e-01
2.712462161855477283e-01
2.634367533483158441e-01
1.985895591293720674e-01
4.654323238887708714e-01
6.132496793935532375e-01
2.849611502866172819e-01
3.875558570128124214e-01
3.716859903856658542e-01
2.507744624622217922e-01
3.035282038787632808e-01
3.933057012468482161e-01
2.091290810754092566e-01
4.829609421902809618e-01
3.190435668687469084e-01
2.829834330131330011e-01
3.459596096001665844e-01
2.479408865554050545e-01
4.054767118093209888e-01
2.312051599921771672e-01
3.944862928448038542e-01
4.299717269834629763e-01
4.259957958333246419e-01
1.995666498558891777e-01
2.569632617942338437e-01
5.182210580845615366e-01
2.120059401822122491e-01
1.302342920199903997e-01
2.373505749500084694e-01
3.611321085943574039e-01
2.124169603346041935e-01
1.262737635049876739e-01
3.703372861104005098e-01
1.923159262644257572e-01
4.010320128486000724e-01
1.899835099105562641e-01
1.929013701846298834e-01
3.236351502113155587e-01
1.792078385327242340e-01
1.375049479960037124e-01
2.021013959437084062e-01
3.924072449209764502e-01
3.341620316875503205e-01
1.322618306068490124e-01
6.134220617236919582e-01
2.707684140442599974e-01
2.382857091288290152e-01
4.778613689446951640e-01
3.398591303844019085e-01
2.149054267049492761e-01
4.012184940525374000e-01
3.777380197066536605e-01
2.399501998677301684e-01
2.339401980346183241e-01
1.462393303050856797e-01
2.344812428137904858e-01
3.387566241208513906e-01
3.344523210482408526e-01
2.094437280553590464e-01
2.099808356553774513e-01
2.512893715590309163e-01
2.711020667400437789e-01
3.576099113876120006e-01
2.600075582245223726e-01
4.238814060826263663e-01
2.789962671811061501e-01
1.787847153574433356e-01
2.763438863819803193e-01
2.331772625644814578e-01
3.830606806585084012e-01
5.220193102203979363e-01
5.426569304081312328e-01
4.829401013684361255e-01
1.972386251908098409e-01
2.404951893975483812e-01
4.876883506149815584e-01
3.605865134524049442e-01
2.612603856184562146e-01
2.855081059718148628e-01
2.853799718948720199e-01
1.858883423029385196e-01
3.102888900824777862e-01
2.152670895986787125e-01
4.099727085977946106e-01
2.760572804556375992e-01
3.419849282096366627e-01
2.794560846443365221e-01
1.762084065293716972e-01
3.246200880311875814e-01
2.711903968927287800e-01
2.025046559652606548e-01
3.685168616573666900e-01
5.822537184808161959e-01
1.503891287892434037e-01
1.565381231874127255e-01
2.341766122916238424e-01
3.945056709926095251e-01
3.420051337662832758e-01
4.467559693467246795e-01
3.570376313747493646e-01
4.770948841368751747e-01
4.237054134840857467e-01
4.265678473417844341e-01
2.951621100259962382e-01
3.067416449795205557e-01
4.440106181454394063e-01
3.535358196178051138e-01
1.504654963543306245e-01
3.013700265511085608e-01
1.988372373833026674e-01
1.958281022224919732e-01
3.777838512621282674e-01
3.258100327079602732e-01
4.198848842142804960e-01
3.653880089670403786e-01
2.090640820942541445e-01
4.481808691719287308e-01
3.227472298091474956e-01
3.357719729519718643e-01
3.743247206507469560e-01
2.983355882714538443e-01
2.098723751264863491e-01
5.877047214062931513e-01
3.900132539906271401e-01
1.435277092291199763e-01
2.380003516295896293e-01
2.754418617424733706e-01
3.667375223398905981e-01
2.392448745122794651e-01
3.524713985656049986e-01
1.916212770044824487e-01
3.590427267888660068e-01
4.307814408317177102e-01
3.322904821788492113e-01
3.912219915575732565e-01
2.904782075557528764e-01
2.932920398435563958e-01
3.072997932852500891e-01
4.481415698969260508e-01
3.207578460980967106e-01
1.965986597406045311e-01
5.572661528300952849e-01
1.575528627553816619e-01
3.010230978702602145e-01
4.215893484037229189e-01
1.609459275203412865e-01
1.956622935949551001e-01
3.108721810908121608e-01
2.543867443681040452e-01
4.307850277687825802e-01
3.218627322704560867e-01
1.607494131646847735e-01
1.116836557962676835e-01
4.103880682711932848e-01
2.737702185986458647e-01
4.601702997431652564e-01
4.820327790799833201e-01
2.141941484113134841e-01
4.940507540413716092e-01
4.117677220765779689e-01
2.410926197837088558e-01
4.099068426695540168e-01
3.417803429573763041e-01
3.138637089042087824e-01
3.983696862533899763e-01
9.991054128302076509e-02
2.795659824759230139e-01
2.913440378884760706e-01
4.090171532877874272e-01
5.751196331945529483e-01
2.608904448828290867e-01
2.999078117128385346e-01
3.332333114609632441e-01
4.839766573812288031e-01
4.083860383670127048e-01
4.433398448184954765e-01
5.325952171741032970e-01
2.085917894605462952e-01
1.351111845016224611e-01
2.903779019949975782e-01
5.057847311540770718e-01
4.290326891110569085e-01
2.521588176342053900e-01
1.181953577619414414e-01
3.692647961147786928e-01
2.594003938002944487e-01
4.105925804390068157e-01
3.125339847180206854e-01
4.107663475373277695e-01
3.679414365055155844e-01
5.215085641404677563e-01
1.923579521807856629e-01
2.799609525820676015e-01
3.176829959849254426e-01
2.739187732895705385e-01
3.277655255419283375e-01
1.824064320423424701e-01
3.742928715379335580e-01
1.256554736875290790e-01
1.783670705618721486e-01
1.816140736672174905e-01
2.772959854903578325e-01
4.896180352552939596e-01
4.496276704357851095e-01
3.655434510374405699e-01
5.379978423807721954e-01
4.439541378793687154e-01
2.892841355138769388e-01
2.230826245229580451e-01
2.101447986775045462e-01
5.362752508999413248e-01
3.113157770073847197e-01
3.939986675465658728e-01
3.004601855616556572e-01
3.176409553883748349e-01
2.974721593190442492e-01
6.693001941588068160e-01
5.628336348200482231e-01
1.542341134902229793e-01
2.602645950515468654e-01
3.380954237642427307e-01
3.176614140736466196e-01
3.432409587740542500e-01
3.520474482507503500e-01
3.047454422379126671e-01
2.799276490904286652e-01
3.266277876822880066e-01
1.900497276015654935e-01
4.840254226651680147e-01
1.367269694646300326e-01
2.528879286609072574e-01
3.543986619099894209e-01
4.274452787954531319e-01
3.293523917302239590e-01
1.530478760748738010e-01
1.246561254281910863e-01
1.454939196582502314e-01
3.150540085353091824e-01
1.516810564011219220e-01
4.512835105290083360e-01
1.353255374620872531e-01
4.047111299278391972e-01
3.680551636125926618e-01
5.579210849976690145e-01
3.161172448222270837e-01
4.100271054006278115e-01
3.433508782090571310e-01
2.169090333934686476e-01
2.811122950322424430e-01
3.632657024755121533e-01
3.280223397419873566e-01
2.889210357682116537e-01
3.263376260045224297e-01
4.264602608006458628e-01
3.148567388871639783e-01
3.093728135990308492e-01
3.965570879224868395e-01
4.291739208389838689e-01
1.514762786556638763e-01
2.450388016904708477e-01
2.273847133902439088e-01
4.986413330855472559e-01
1.079792665406990732e-01
2.662561559628657260e-01
1.799220462724759051e-01
5.475818734231677753e-01
3.418469796554194917e-01
4.605433707109335972e-01
3.065702642689788204e-01
4.823045078971032740e-01
3.593547173489848312e-01
2.941719602604220274e-01
5.634639960510401391e-01
1.595558847471355846e-01
6.479422866028632377e-01
1.550708782016700371e-01
5.411518532294939954e-01
3.616885015062950570e-01
3.384466718252098216e-01
1.257116190187283766e-01
3.263200524859667939e-01
4.883760372171223607e-01
3.183953808653161577e-01
2.527653053466863975e-01
1.453454382916670728e-01
3.460285377113736516e-01
1.836790973825106754e-01
2.181771182581496715e-01
4.491450511311582683e-01
2.298536095468374785e-01
3.824918239115217000e-01
2.991016859357248925e-01
3.570734295382886891e-01
1.473231406351330208e-01
4.570031650860854056e-01
4.144108896071601600e-01
3.649241052005448016e-01
4.064349749780615251e-01
3.551451246115300275e-01
3.651893279469241582e-01
2.530216373776906780e-01
2.833272979484441900e-01
2.480941881171056518e-01
2.142130257838550933e-01
3.838374993797661339e-01
3.434056206686909585e-01
3.202564499149699873e-01
3.343599656953529231e-01
2.138362929467218787e-01
3.283456090692021268e-01
3.523762701297669664e-01
4.210079023334235004e-01
2.755704414729866492e-01
2.335325995401685839e-01
1.691867752646249445e-01
3.030814230463256265e-01
3.057292227060411371e-01
4.897206795861802631e-01
3.005046447657955810e-01
2.861057659355705773e-01
3.409980619961899828e-01
2.062283295365881230e-01
3.523153718262087564e-01
3.570141182673550184e-01
3.280417252573791242e-01
2.020626261964273140e-01
2.024753021684716769e-01
3.409042807499274574e-01
2.328554282928954611e-01
3.521803350153379086e-01
4.187023695858419492e-01
3.447295370575451656e-01
2.404015198043732704e-01
2.770193994162894469e-01
4.116773340929660296e-01
3.610431112735380532e-01
3.457073486460571221e-01
2.860476340697908348e-01
2.575349089544338166e-01
2.684994445779133598e-01
3.768824989753425947e-01
3.419471547840658432e-01
2.974638687134866233e-01
2.490663288207036197e-01
2.426011428449266205e-01
3.322000876428413130e-01
3.635011969772141693e-01
3.096443541545078615e-01
1.394511894249614581e-01
3.454652343402142001e-01
2.828656334973824182e-01
4.115329585098629339e-01
3.458806515757096856e-01
1.930943033448247192e-01
