2.957094121230364747e-01
1.794188551227698936e-01
9.433313235884437098e-02
1.646178589393293146e-01
2.200386648426357339e-01
1.541402216283669635e-01
1.409593407511404439e-01
7.210307292279038993e-02
1.709760366293623379e-01
1.112889907784782723e-01
1.215049796711204777e-01
1.333817083804877679e-01
1.136690694752660186e-01
1.270544249609514564e-01
2.801523919852236810e-01
3.887745433032762099e-01
4.935852521020685224e-02
1.019636315035639396e-01
1.634525582665349863e-01
1.278631387320611767e-01
1.211513357604396407e-01
1.091610768912505414e-01
1.999476739612448054e-02
8.262661816563078576e-02
1.734231276028390945e-01
7.697991080197086333e-02
1.074712280690683502e-01
1.329755390758705080e-01
8.133680606561791149e-02
1.015818889212466158e-01
2.526327660240312856e-01
2.817914326516540169e-01
2.500086129087136233e-01
1.002738572361582398e-01
4.883511729713008176e-02
1.406325845529005081e-01
5.382427992058731042e-02
1.100126287701807398e-01
2.785044602246258827e-01
1.222237287574181736e-01
7.267623092065225721e-02
1.745516883266085839e-01
1.356488054518102948e-01
1.105805335151247570e-01
1.439678856519651662e-01
1.151695977225206668e-01
2.818500673007950930e-01
1.110581414439856529e-01
2.868277976897383175e-01
9.716852057270093657e-02
1.692336494664153923e-01
5.313124273968576616e-02
8.450922903134534814e-02
2.074456949158431929e-01
1.990934162662994777e-01
1.960016276364310028e-01
1.470625170886155630e-01
4.695828243084924219e-02
6.512334368925337680e-02
1.543219791551351527e-01
5.801094728919717336e-02
5.306120688077985148e-02
1.542502104895074611e-01
1.002438561011159412e-01
2.524012596408763964e-01
3.498371867077050834e-01
6.912465041509116559e-02
1.459752207739221652e-01
2.647282574226831886e-01
3.288112482980102280e-01
9.024257396629881134e-02
1.502683247564605973e-01
1.060325046895918694e-01
3.523788703680909989e-02
2.611359977983914726e-01
3.527140169203786813e-01
2.997308501713061846e-01
1.215617064047988527e-01
2.047734619981213602e-02
6.625938714953276409e-02
5.359241741253734786e-02
3.145258826596578072e-01
8.634497486431538804e-02
1.780037214224617914e-01
1.573596021310599002e-01
1.247194959327082714e-01
1.066114304386189676e-01
1.078862325530834110e-01
1.084432281180795904e-01
2.370190106855719625e-01
1.344026779216161982e-01
1.814885619711173181e-01
1.633485335188170073e-01
2.674128158966248558e-01
1.420451552393021954e-01
1.787383163076427250e-01
1.562037404278280028e-01
1.602520825040988639e-01
1.505493867659242757e-01
1.657832058081994409e-01
2.957264624171649370e-01
4.992029117593049792e-02
1.563009816085673617e-02
2.036208469147007816e-01
8.249187323927507920e-02
1.348615742493034508e-01
2.505681455027590765e-01
1.089490382779116362e-01
2.293990621276807695e-01
1.948344174190095868e-01
1.049152194122470461e-01
3.083148811921222407e-02
1.182384211339680968e-01
1.188523297250009547e-01
6.169036707484484156e-02
1.264968405627857617e-01
2.078011594727063593e-01
3.634155426361756341e-02
2.606755994008704280e-01
2.454154702258766474e-01
3.613598090699473436e-02
2.336216280548920887e-01
6.879002671044920358e-02
2.133409720086242023e-01
1.107526754186682477e-01
1.816332055651568023e-01
2.070648274674689038e-01
8.789457747344825433e-02
5.561508742904139324e-02
6.026694489367669105e-02
1.010385203659731890e-01
1.092371131627674768e-01
5.890541472041611881e-02
1.708043875548016510e-01
2.361455885261975196e-01
1.469395063503879106e-01
1.662521763224032445e-01
1.695499835710699288e-01
1.859754475807631480e-01
1.804323883481389057e-01
1.684122517406926867e-01
1.157825382367808631e-01
1.256731954374513127e-01
5.558705644415617292e-02
5.533135188473581323e-02
2.132663491591462457e-01
4.730387407284096235e-01
9.107514078330550267e-02
2.169449318031999308e-01
2.913929095696025651e-01
2.095046021159644167e-01
4.731800634562027819e-02
9.030185418365364869e-02
8.411298574966469266e-02
1.715287385454065394e-01
3.075811113862965129e-01
8.744866853846981758e-02
8.670171091942213693e-02
2.940833766759922141e-01
5.181842154871787315e-02
1.726561666442821275e-01
1.031857830191818259e-01
2.421061556753158206e-01
1.038300270452607033e-01
1.156692996570072296e-01
2.713219969969034029e-01
1.021861355012957245e-01
1.234303144228517668e-01
1.347071234408822038e-01
1.013653141533100849e-01
2.508849047784973418e-01
7.033558828999059154e-02
1.049489164065413871e-01
9.275653287588836449e-02
2.718450654481697204e-01
2.668541571761477993e-01
1.888483908146523782e-01
1.116438504762079786e-01
1.226985330221096737e-01
3.158640941930205281e-01
4.482876727840575531e-02
6.545714596931587193e-02
1.649981437436155995e-01
1.422515286883146435e-01
1.525574365806945110e-01
2.425534613426976460e-01
2.132101406411194555e-01
1.306682868543298237e-01
2.141386394668708393e-01
2.126085740267032453e-01
1.276139217677640936e-01
1.655831095758505678e-01
1.182358972214539727e-01
1.777395954671878719e-01
2.670872670535016646e-01
1.094502187071709209e-01
2.335083352130890855e-01
2.134189460711475028e-01
1.737452855811564001e-01
1.603480716863456834e-01
2.968907611981878025e-01
4.241743140314104682e-02
1.560629292738105189e-01
1.488324998470103300e-01
1.514270708574756985e-01
3.586398751562472342e-01
3.077499819548785709e-01
1.827908333801388785e-01
1.477809450710723393e-01
4.282856398972356704e-02
2.052695997752201629e-01
2.983901368860708558e-01
1.943559869871736012e-01
1.560937509592314754e-01
1.654292336198679436e-01
8.634392589031067433e-02
1.801412366167056689e-01
9.039202520935045448e-02
2.056826122797782985e-01
4.572346879109685791e-02
2.945660061230530591e-01
1.269835453791026691e-01
3.586252749627831804e-01
1.471392193989148334e-01
1.874494850546030433e-01
2.385328565941293930e-02
6.259040960284481536e-02
2.055171758127522785e-01
1.289241643490601219e-01
1.221456151007160318e-01
8.451606926257013153e-02
9.876032887009375538e-02
8.637059974263439077e-02
3.227653215609467274e-01
1.122796558635141134e-01
1.147268480109656513e-01
1.048184008900631542e-01
1.564588653600977319e-01
9.527583804221787314e-03
3.462986297086295684e-01
1.736393596804778616e-01
1.515643895824159426e-01
1.232043258982051248e-01
5.738767739081045843e-02
1.732129440818434007e-01
2.012237791422864519e-01
7.206604615614221887e-02
7.407033095473347650e-02
5.196245424697917142e-02
1.136564827526748422e-01
2.873040655921321740e-01
2.368694856704817997e-01
6.555498872555584611e-02
2.130998680528784772e-01
1.065075406694264704e-01
8.765636366036803906e-02
1.714727317616567548e-01
1.170022254819268331e-01
1.432599245166169266e-01
1.831930383425175168e-01
2.853256071088713930e-01
3.156197293146411481e-02
2.102285129387391205e-01
2.129836673670729708e-01
2.194987205190238599e-01
3.706745114939860031e-01
1.984101798106812919e-01
1.686940513961421861e-01
9.050249035871420211e-02
1.948135585382774759e-01
2.488936764086705222e-01
1.738931764255805812e-01
2.241773668320746482e-01
1.162393853205094529e-01
2.471179403838470456e-01
4.255373276634463048e-02
1.804703185140179300e-01
1.452055681364619946e-02
9.668941024992439015e-02
3.126598702039377065e-01
7.187661480590527840e-02
1.274533831889547442e-01
2.194444649788517276e-01
2.332891489553900188e-01
8.844975049393108413e-02
1.117590006549490228e-01
2.420405223691735885e-01
8.236864092179112251e-02
1.800447074331046338e-01
1.126740519529468576e-01
2.523357560757174545e-01
1.594622656141150563e-01
8.769658813137463926e-02
2.632128084920381528e-01
2.392217141950350179e-01
6.081701348859325229e-02
3.723764499377673065e-01
1.585422595615971209e-01
2.294764471977561171e-01
3.061694646477370330e-01
3.177615521717395697e-01
1.203067487555434245e-01
1.140383399453778479e-01
6.139306692500396540e-02
5.380674637282974876e-02
5.764937074477734236e-02
2.942129949151868207e-01
1.462908900569770132e-01
1.888702303468700605e-01
5.449720399746647154e-02
2.481940927004699093e-01
4.454940616433436529e-01
1.558092624927782943e-01
2.058282694437242877e-01
1.060938866696620464e-01
1.010810171266829510e-01
1.064275883392343525e-01
1.799326387612260603e-01
7.629880464661895068e-02
7.059606046213617869e-02
9.898586667362518909e-02
7.538617176031525702e-02
5.055887916243000796e-02
3.441724486286160678e-01
1.667115346234852302e-01
1.465393916530380869e-01
1.290633423596785068e-01
6.139569795087946452e-02
7.445687105521986426e-02
2.655032413684787485e-01
1.380044752470538927e-01
7.712382716637163071e-02
7.775617680398080878e-02
1.580320536691249833e-01
4.149136162046135334e-02
1.828932984842618903e-01
1.209435250953547029e-02
2.034451611681943606e-01
5.602940736315971393e-02
1.293000961892414591e-01
4.870339036208984340e-02
9.398200467672052083e-02
1.352218352067398044e-01
1.325070758336045762e-01
1.234227589529077185e-01
9.315066595691147422e-02
2.634544877890624415e-01
2.886733180568792356e-01
8.603364083930374606e-02
1.282242579761982415e-01
1.545155291581732648e-01
7.559841314556223213e-02
1.250287067192791257e-01
1.770786190632378798e-01
2.617582626402942259e-01
2.043544000625560630e-01
7.351242262407899075e-02
1.487135040488876681e-01
3.464662342897865260e-02
8.279741997358074090e-02
8.600807139425392656e-02
1.427851970829653594e-01
1.589824342286857706e-01
1.486063471834292715e-01
6.709694663167978246e-02
3.675627005957709525e-01
1.058513845041607754e-01
2.080394264368164992e-01
1.077057814170221672e-01
1.435213547844663151e-01
1.622826364228818485e-01
1.135727864962999545e-01
1.159967606722421690e-01
6.372693475544193020e-02
9.951553709697343042e-02
1.656538128980831748e-01
1.887539060850908779e-01
1.557305629846943429e-01
1.577447039719306054e-01
1.688716326832276626e-01
1.974449676603434178e-01
2.411141302061846070e-01
1.431422548910779025e-01
1.476686422354870076e-01
1.790969045793184833e-01
1.903375760327998545e-01
1.922311006531307043e-01
1.219278849525985975e-01
1.122840611947051176e-01
8.399148416492917268e-02
4.203677787696237511e-02
2.396543707631273445e-01
1.415019756483050783e-01
1.469606083152814324e-01
1.249261391523428799e-01
1.717220950374158672e-01
1.714599246170994407e-01
2.786697120345812961e-01
1.052892327272694079e-01
1.263457148114171813e-01
2.089561695377517569e-01
2.409879057434566318e-01
1.974272717985331715e-01
9.622190140177228068e-02
2.015252720951461740e-01
6.025830746307076630e-02
4.121276153897977107e-02
9.999348975379752924e-02
7.653455322643490377e-02
9.737073872676585418e-02
1.404272144007788770e-01
1.972149615047968929e-01
1.005916512330445739e-01
8.146836019446281052e-02
1.715586611255127958e-01
1.733079144993698584e-01
1.667304140536073065e-01
1.329367811253418796e-01
1.727056712136004757e-01
1.438706903639729306e-01
3.491545310016679060e-02
2.321007221337894055e-01
1.963485863982840918e-01
1.300394043876186290e-01
2.317225267739650985e-01
1.787985188841241802e-01
1.174211363634102417e-01
1.202678084927107094e-01
2.826899469569958967e-01
2.065054362901332652e-01
1.623140173219643489e-01
2.245881883846041760e-01
1.211796220213062075e-01
2.392089993146429561e-01
1.422721899822245173e-01
2.729858456771654396e-01
9.861553956438000312e-02
3.975421729592469866e-01
5.469953541256354634e-02
3.792439495187959753e-01
2.936454537197813464e-01
1.077307055245031869e-01
1.352168886919373203e-01
8.014605725041160089e-02
1.551359266680260862e-01
7.772375483269403085e-02
1.601410159646416698e-01
1.924091179344326330e-01
1.888834745482317889e-01
9.370499029446212325e-02
1.865330044385457853e-01
2.114402583348679865e-01
1.446398477939632721e-01
2.546207794061828289e-01
3.481471919047849917e-01
6.063206364828438444e-02
1.247332319165724013e-01
1.479113969830777864e-01
5.948996682830616500e-02
2.836579323883713366e-01
1.660515638340000766e-01
1.160861409286040868e-01
2.042188659103957027e-01
1.782150260982580392e-01
9.903972387400113153e-02
3.138343008645879673e-01
6.788715326040280218e-02
1.012214876696855559e-01
2.011885866519243227e-01
1.469452572752905362e-01
1.953626492985620910e-01
3.638842221557003764e-01
2.114185064216551890e-01
1.533688162413650580e-01
5.475871879355094507e-02
1.312866578889012870e-01
5.231747090005357120e-02
7.379057082072494611e-02
1.099289304539732420e-01
1.346876375780327872e-01
6.122064830556875337e-02
1.115233814710057531e-01
1.436639367135692513e-01
1.628485030065142392e-01
1.049800786771355882e-01
1.276236511007337315e-01
7.861749200417694761e-02
2.576937248626203214e-01
2.130714584085884600e-01
3.196411305500594380e-01
1.825116039824478120e-01
2.378382813946886831e-01
7.603376180291761266e-02
9.578974806167399325e-02
2.588008775681498452e-01
8.842059843122158924e-02
2.793216265489076866e-01
8.056551064920143557e-02
6.900824935822598427e-02
2.224811724861948115e-01
