0.599455
0.688898
0.583185
0.26234
0.226968
0.290531
0.56894
0.336988
0.278968
0.0686349
0.199772
0.176862
0.139433
0.126864
0.149609
0.507192
0.429349
0.383097
0.53362
0.640523
0.843671
0.79138
0.697591
0.779845
0.666451
0.670877
0.621286
0.620845
0.609521
0.465749
0.437934
0.278663
0.473043
0.715876
0.802858
0.783576
0.789293
0.873287
0.898596
0.898596
0.900707
0.846206
0.926371
0.88234
0.913773
0.841092
0.84754
0.877906
0.93706
0.750058
0.811993
0.716414
0.716414
0.716414
0.716414
0.716414
0.583327
0.583327
0.583327
0.583327
0.583327
0.583327
0.583327
0.583327
0.583327
0.583327
0.583327
0.583327
0.583327
0.583327
0.583327
0.583327
0.412677
0.412677
0.367997
0.373921
0.740395
0.499124
0.482909
0.554623
0.635594
0.55964
0.441354
0.556764
0.778402
0.544128
0.650343
0.531979
0.403196
0.394183
0.340989
0.400359
0.282908
0.056206
0.306744
0.0461583
0.106406
0.287
0.372083
0.460894
0.357844
0.395217
0.642342
0.604227
0.500596
0.629021
0.501135
0.458102
0.21485
0.100192
0.00462072
0.0278249
0.0569113
0.134888
0.476154
0.673997
0.443564
0.210553
0.405558
0.205248
0.0803173
0.165451
0.0655475
0.285181
0.229798
0.0270396
0.0237305
0.0745486
0.288623
0.186801
0.348244
0.405635
0.100115
0.213799
0.0906914
0.0505553
0.029701
0.0214953
0.0252645
0.0458269
0.0721092
0.0340513
0.11359
0.164208
0.188676
0.109401
0.0568412
0.189737
0.132315
0.301596
0.44001
0.359264
0.0620523
0.40883
0.538543
0.632419
0.551206
0.703495
0.498184
0.769434
0.768584
0.546248
0.529908
0.465955
0.532577
0.375289
0.579292
0.709723
0.697936
0.728673
0.48086
0.61937
0.493337
0.508082
0.117611
0.213751
0.192832
0.280844
0.239709
0.0482253
0.210424
0.191438
0.230769
0.217925
0.215107
0.222553
0.135095
0.0401722
0.0179653
0.0489404
0.043285
0.00955853
0.00729191
0.00714701
0.0332236
0.00577513
0.042678
0.0466573
0.0505142
0.00530361
0.00530361
0.0121438
0.0283934
0.0290978
0.0791217
0.29685
0.157958
0.760381
0.670425
0.788657
0.673675
0.50114
0.501377
0.523511
0.502708
0.130626
0.250401
0.208131
0.158399
0.205771
0.431437
0.319402
0.303895
0.380143
0.280475
0.299164
0.118759
0.0755331
0.0236446
0.0107174
0.00879606
0.00893944
0.0014362
0.00171187
0.0254116
0.00863566
0.00481837
0.00877981
0.0875042
0.047869
0.0746034
0.139216
0.0972556
0.10234
7.04066e-05
0.00031593
0.00031593
0.00031593
0.00031593
0.00031593
0.0456032
0.00312524
0.00940533
0.00128602
0.00128602
0.00128602
0.0663924
0.159583
0.568156
0.394691
0.386611
0.0344571
0.114131
0.0502822
0.0372445
0.142478
0.338845
0.497225
0.439573
0.444618
0.661393
0.449627
0.319501
0.68134
0.338425
0.628054
0.77046
0.689163
0.710051
0.407261
0.196026
0.630299
0.511339
0.546723
0.667249
0.314681
0.0606941
0.0719605
0.0977103
0.0303611
0.0327855
0.0776601
0.0696656
0.0385596
0.0341125
0.020254
0.195469
0.465573
0.281106
0.233902
0.0920905
0.121556
0.124582
0.536556
0.849683
0.750979
0.801105
0.584671
0.563275
0.507269
0.606149
0.430497
0.192293
0.619969
0.632976
0.400453
0.271699
0.656681
0.663949
0.745899
0.800153
0.883139
0.781753
0.784182
0.816546
0.791519
0.746489
0.728686
0.627078
0.575528
0.544646
0.158891
0.134554
0.220652
0.13036
0.0173903
0.05288
0.201543
0.324919
0.169589
0.0593437
0.188341
0.196567
0.10856
0.173969
0.319585
0.339977
0.445755
0.57586
0.60385
0.509016
0.839837
0.794045
0.205135
0.444015
0.447129
0.609453
0.47656
0.399234
0.247236
0.214823
0.320599
0.0382479
0.238945
0.147223
0.247189
0.332182
0.463357
0.35515
0.360455
0.104411
0.197027
0.149873
0.221113
0.0821862
0.144676
0.12472
0.034584
0.00723595
0.00546299
0.0131793
0.00934216
0.00999544
0.0301018
0.0610905
0.0693231
0.0990608
0.0373806
0.157178
0.268233
0.463202
0.629019
0.565175
0.464631
0.0121341
0.0720729
0.0134097
0.0319571
0.0163581
0.0116298
0.303543
0.1369
0.234959
0.429398
0.204368
0.500978
0.585605
0.488353
0.477836
0.658561
0.570361
0.839124
0.862867
0.862867
0.862867
0.862867
0.862867
0.840802
0.908109
0.779531
0.636536
0.436664
0.430236
0.804725
0.806999
0.785483
0.766313
0.737186
0.619747
0.521597
0.488745
0.488745
0.46694
0.319101
0.273606
0.275872
0.235264
0.63231
0.59169
0.587433
0.483988
0.52635
0.755594
0.781757
0.93173
0.773434
0.766229
0.869704
0.896702
0.785667
0.742328
0.269539
0.731913
0.70883
0.554414
0.479428
0.541453
0.431471
0.613192
0.27745
0.323411
0.332137
0.404122
0.125732
0.441806
0.319821
0.000621541
0.00986634
0.123457
0.0596607
0.12412
0.0152417
0.0144682
0.00698849
0.0318065
0.00725692
0.0576265
0.112696
0.0738459
0.0332058
0.064798
0.280847
0.235646
0.245118
0.150767
0.0535943
0.0840732
0.0119694
0.0061571
0.0237211
0.0906357
0.275595
0.399408
0.310205
0.55661
0.740086
0.678677
0.511763
0.381832
0.57156
0.527806
0.384032
0.648169
0.521362
0.718166
0.48498
0.357954
0.403346
0.499128
0.203088
0.157189
0.0366309
0.113049
0.0627658
0.0772073
0.0484712
0.075211
0.00355718
0.0322624
0.0674354
0.0788608
0.12428
0.185837
0.149417
0.107445
0.0417074
0.040124
0.0359076
0.00243312
0.0287981
0.0041617
0.00867561
0.0643541
0.106935
0.050521
0.0761878
0.185969
0.174861
0.212368
0.212368
0.212368
0.266135
0.639424
0.54919
0.288407
0.300202
0.468496
0.466886
0.544592
0.781222
0.887041
0.823585
0.884858
0.872954
0.664191
0.751173
0.868377
0.801022
0.723282
0.600019
0.29015
0.613334
0.786956
0.687726
0.695354
0.534353
0.462146
0.684405
0.721597
0.575629
0.56822
0.339701
0.200506
0.101991
0.115971
0.00701554
0.0112255
0.110336
0.112158
0.202027
0.0640438
0.197517
0.460657
0.364522
0.238479
0.376131
0.539722
0.668162
0.771968
0.606979
0.526723
0.760923
0.691988
0.558504
0.720128
0.69862
0.294985
0.530919
0.530919
0.530919
0.530919
