0.344103
0.305689
0.359146
0.724332
0.771027
0.663151
0.401416
0.62543
0.704197
0.875472
0.792434
0.817337
0.838962
0.830981
0.843022
0.44021
0.525934
0.61514
0.462582
0.335415
0.136994
0.0392749
0.227808
0.171748
0.31212
0.30052
0.287401
0.176742
0.0678126
0.110552
0.104054
0.297528
0.498121
0.262567
0.181449
0.213393
0.209338
0.104298
0.0971163
0.0971163
0.0667782
0.138611
0.0371794
0.11629
0.0796405
0.153434
0.149187
0.121697
0.0578659
0.234632
0.187863
0.28354
0.28354
0.28354
0.28354
0.28354
0.416579
0.416579
0.416579
0.416579
0.416579
0.416579
0.416579
0.416579
0.416579
0.416579
0.416579
0.416579
0.416579
0.416579
0.416579
0.416579
0.587185
0.587185
0.58563
0.570793
0.198117
0.36321
0.31449
0.36108
0.337154
0.348153
0.535717
0.418578
0.199449
0.422257
0.107199
0.405171
0.367838
0.279838
0.463339
0.126127
0.141761
0.375943
0.416566
0.845751
0.617061
0.537722
0.488955
0.473226
0.487727
0.507236
0.340807
0.377097
0.388581
0.282359
0.173674
0.0637354
0.0538125
0.279382
0.758425
0.853661
0.830288
0.791729
0.469098
0.322252
0.481119
0.758737
0.583025
0.682857
0.709827
0.448116
0.504334
0.510833
0.666151
0.714445
0.413135
0.2783
0.296828
0.477299
0.117117
0.0933437
0.212372
0.197344
0.150297
0.275274
0.222107
0.315844
0.504192
0.523578
0.162274
0.305466
0.0553137
0.433753
0.459115
0.294125
0.394998
0.227245
0.217747
0.0959975
0.152135
0.417598
0.470909
0.390296
0.234742
0.0799043
0.0255961
0.0727659
0.448578
0.206549
0.222465
0.310375
0.179673
0.145108
0.205594
0.134825
0.179366
0.062304
0.134092
0.178031
0.317883
0.13747
0.275543
0.127696
0.259692
0.215786
0.0815776
0.0356014
0.245189
0.33221
0.288987
0.114079
0.0603804
0.134507
0.125401
0.331977
0.351274
0.82799
0.650065
0.875346
0.883494
0.737643
0.963841
0.963653
0.9488
0.981483
0.955193
0.916378
0.851812
0.936117
0.936117
0.953201
0.94206
0.954752
0.877878
0.695431
0.837045
0.197802
0.316841
0.156943
0.193487
0.352238
0.226288
0.0957387
0.103224
0.336196
0.391442
0.363521
0.612038
0.762338
0.56394
0.677064
0.692212
0.619144
0.701259
0.417989
0.491215
0.490063
0.273895
0.256244
0.0495741
0.144883
0.102179
0.114959
0.0775319
0.305025
0.290331
0.307997
0.292123
0.410299
0.270372
0.31427
0.460161
0.525217
0.607859
0.671808
0.671808
0.671808
0.671808
0.671808
0.743043
0.677271
0.610238
0.536081
0.536081
0.536081
0.452662
0.533486
0.157686
0.358379
0.306869
0.667125
0.302404
0.218516
0.177063
0.0891293
0.286568
0.146839
0.430515
0.527251
0.278305
0.54387
0.63791
0.25997
0.66036
0.355349
0.19717
0.29413
0.204772
0.568802
0.612616
0.210668
0.324434
0.369768
0.272783
0.661249
0.908954
0.919163
0.893832
0.949566
0.966339
0.921467
0.93013
0.944828
0.964149
0.977066
0.793293
0.365852
0.608927
0.462982
0.119243
0.262535
0.208581
0.13639
0.0414132
0.176136
0.194661
0.332088
0.222456
0.199074
0.360546
0.557692
0.742713
0.297017
0.243436
0.198289
0.304292
0.0422157
0.125358
0.0837516
0.174807
0.100483
0.21652
0.181928
0.182472
0.206904
0.248023
0.255448
0.261076
0.366708
0.0987497
0.168904
0.118303
0.486601
0.492116
0.903471
0.7359
0.721826
0.642681
0.82864
0.91045
0.804647
0.800619
0.888296
0.820959
0.594375
0.616971
0.545705
0.408138
0.294174
0.33686
0.153425
0.20221
0.764956
0.547365
0.494109
0.38904
0.505197
0.582507
0.684418
0.769174
0.652255
0.910019
0.749548
0.707934
0.463073
0.259026
0.125467
0.314291
0.266948
0.309981
0.218754
0.241229
0.432745
0.786763
0.769561
0.753914
0.505096
0.652001
0.617864
0.635222
0.563638
0.565201
0.578208
0.448053
0.364078
0.170425
0.126252
0.079267
0.081595
0.253045
0.0521785
0.0494567
0.117832
0.213155
0.128596
0.153288
0.218247
0.126686
0.202548
0.157613
0.2273
0.337273
0.340755
0.648648
0.445821
0.387343
0.455358
0.516782
0.320752
0.409446
0.100352
0.136873
0.136873
0.136873
0.136873
0.136873
0.152838
0.0478721
0.141375
0.296534
0.107775
0.015133
0.0810901
0.141319
0.156744
0.220377
0.231889
0.364965
0.473855
0.511109
0.511109
0.52826
0.669909
0.722871
0.723615
0.752282
0.311776
0.354555
0.357023
0.511636
0.469987
0.229017
0.190923
0.0567584
0.217725
0.232214
0.11229
0.0342007
0.0659994
0.224274
0.634229
0.261355
0.255095
0.323839
0.175831
0.18412
0.262412
0.257969
0.520369
0.176733
0.31457
0.37545
0.620038
0.363594
0.293424
0.26054
0.116139
0.185322
0.383844
0.22951
0.403396
0.438794
0.476408
0.276932
0.698857
0.71015
0.66475
0.872736
0.87575
0.923042
0.607237
0.753798
0.751979
0.789526
0.914517
0.883227
0.959893
0.97108
0.880514
0.895062
0.687244
0.590628
0.615874
0.325065
0.123595
0.148886
0.329593
0.539401
0.296591
0.35185
0.225419
0.242628
0.253846
0.263783
0.481255
0.600556
0.475424
0.34762
0.786343
0.800931
0.955043
0.872313
0.85609
0.911679
0.903566
0.90686
0.967726
0.775944
0.855057
0.855256
0.719082
0.582816
0.67408
0.701424
0.757204
0.696459
0.752076
0.804431
0.826192
0.829152
0.877994
0.915976
0.779504
0.891793
0.884257
0.813312
0.822385
0.784254
0.784254
0.784254
0.715929
0.357928
0.442152
0.702252
0.567364
0.238733
0.202808
0.377096
0.214924
0.0463087
0.134854
0.0475446
0.0506758
0.268175
0.222047
0.104411
0.138207
0.240807
0.322154
0.675809
0.379405
0.193578
0.291665
0.301839
0.456942
0.451909
0.310399
0.252658
0.0801415
0.117884
0.0734357
0.423721
0.41095
0.605318
0.751771
0.403659
0.296233
0.464336
0.510535
0.782621
0.513935
0.384694
0.531209
0.600866
0.567008
0.355192
0.236329
0.169893
0.384288
0.291743
0.170202
0.170851
0.390542
0.276913
0.297733
0.683034
0.468868
0.468868
0.468868
0.468868
