0.0564422
0.00541354
0.0576691
0.0133279
0.00200511
0.0463187
0.029644
0.0375816
0.0168351
0.0558932
0.00779403
0.00580082
0.021605
0.0421553
0.00736934
0.0525972
0.0447169
0.00176335
0.00379837
0.0240629
0.0193352
0.169345
0.0746011
0.0484068
0.0214284
0.0286029
0.0913128
0.202414
0.322666
0.423699
0.458012
0.423809
0.028836
0.0215572
0.015693
0.00303125
0.00136922
0.0224151
0.00428803
0.00428803
0.0325144
0.0151829
0.0364497
0.00136972
0.00658676
0.00547345
0.00327347
0.000397042
0.00507421
0.0153105
0.000143839
4.61393e-05
4.61393e-05
4.61393e-05
4.61393e-05
4.61393e-05
9.37797e-05
9.37797e-05
9.37797e-05
9.37797e-05
9.37797e-05
9.37797e-05
9.37797e-05
9.37797e-05
9.37797e-05
9.37797e-05
9.37797e-05
9.37797e-05
9.37797e-05
9.37797e-05
9.37797e-05
9.37797e-05
0.000137216
0.000137216
0.0463735
0.0552859
0.0614882
0.137666
0.202601
0.0842966
0.0272523
0.0922067
0.022929
0.0246576
0.022149
0.0336152
0.242458
0.0628501
0.228966
0.325979
0.195672
0.473514
0.57533
0.567851
0.276689
0.10809
0.276533
0.175278
0.138962
0.0658809
0.154429
0.0975472
0.016851
0.0186765
0.110822
0.0886204
0.325191
0.478163
0.731337
0.620426
0.236954
0.118514
0.112801
0.0733834
0.0547475
0.00375079
0.0753173
0.0307092
0.0114172
0.111895
0.209856
0.386432
0.430118
0.203986
0.104051
0.258515
0.563135
0.647151
0.414549
0.3359
0.534639
0.501021
0.687513
0.588856
0.759012
0.674171
0.748192
0.662661
0.470544
0.430596
0.765617
0.660483
0.831096
0.402039
0.352209
0.596473
0.548161
0.583019
0.649938
0.602407
0.407855
0.223137
0.467039
0.200874
0.226715
0.287676
0.423198
0.223739
0.0532376
0.0240168
0.00895167
0.143377
0.290419
0.388937
0.261829
0.489886
0.241341
0.227973
0.167972
0.0932961
0.201257
0.24316
0.23112
0.364222
0.622696
0.570463
0.725591
0.683554
0.515102
0.619564
0.500589
0.694483
0.708851
0.647568
0.659492
0.44547
0.513631
0.131838
0.33197
0.0757135
0.0732207
0.252799
0.0288675
0.0292004
0.0179763
0.0127416
0.00212942
0.0369648
0.0976739
0.0585797
0.0585797
0.0346552
0.0295464
0.0161506
0.0430003
0.00771875
0.00499757
0.0418177
0.0127342
0.0544
0.132838
0.146622
0.272335
0.38075
0.394068
0.533178
0.358157
0.428349
0.229563
0.0318906
0.00462245
0.00353393
0.00389312
0.000713297
0.0182661
0.282847
0.390026
0.434403
0.70246
0.733039
0.94163
0.846178
0.896385
0.883329
0.897056
0.68634
0.704851
0.683223
0.620373
0.541832
0.655025
0.546514
0.442583
0.372443
0.39207
0.327876
0.327876
0.327876
0.327876
0.327876
0.211354
0.319603
0.380356
0.462633
0.462633
0.462633
0.480946
0.306931
0.274159
0.24693
0.306521
0.298418
0.583465
0.731202
0.785693
0.768392
0.374588
0.355936
0.129912
0.0281309
0.0603023
0.0065038
0.0425893
0.0586893
0.00121536
0.0165967
0.0323708
0.0167071
0.0851762
0.0239369
0.191358
0.159033
0.164226
0.0835093
0.0599682
0.0240703
0.0303515
0.0088761
0.0084577
0.0200732
0.000875197
0.00087335
0.000203984
0.0166125
0.00173869
0.00267948
0.0112382
0.168575
0.109967
0.303116
0.788667
0.61591
0.666837
0.327054
0.108904
0.0728854
0.00423407
0.0832409
0.214269
0.293656
0.0333046
0.0118117
0.0649941
0.0830138
0.123588
0.401258
0.424008
0.301104
0.210693
0.17035
0.0250396
0.0163778
0.00172753
0.0338898
0.000981184
0.0015763
0.00548801
0.0158658
0.111846
0.0577644
0.356605
0.672205
0.747143
0.292747
0.377524
0.0791388
0.21122
0.0766306
0.0323997
0.00177085
0.0302067
0.00701208
0.00281338
0.00314422
0.00507254
0.0860401
0.0430522
0.00854021
0.0160021
0.101976
0.154124
0.00673796
0.00374579
0.0299085
0.00862063
0.0587625
0.00150663
0.0182425
0.0182586
0.0683457
0.0160026
0.0271467
0.0517329
0.0115065
0.144843
0.289738
0.408792
0.411176
0.330559
0.372597
0.585609
0.584219
0.608898
0.346142
0.131051
0.0857633
0.121366
0.46032
0.340763
0.376673
0.351599
0.42702
0.424803
0.39169
0.490856
0.566599
0.730514
0.836368
0.763555
0.650172
0.283753
0.318802
0.385369
0.417537
0.774711
0.799331
0.833302
0.749796
0.856956
0.785822
0.538844
0.635801
0.427768
0.229847
0.146984
0.0532009
0.0270523
0.0562892
0.00538176
0.0206871
0.0201933
0.0605242
0.000260092
0.000260092
0.000260092
0.000260092
0.000260092
0.00636055
0.0440185
0.0790938
0.06693
0.455561
0.554631
0.114185
0.0516826
0.0577724
0.0133096
0.0309254
0.0152881
0.00454808
0.000145714
0.000145714
0.00479945
0.0109904
0.00352344
0.000513486
0.0124542
0.055914
0.0537553
0.0555441
0.00437543
0.00366259
0.0153889
0.0273208
0.0115113
0.0088406
0.00155647
0.0180059
0.0690977
0.148334
0.0333986
0.0962314
0.00673209
0.0360754
0.121748
0.344742
0.274427
0.306116
0.128839
0.202181
0.499857
0.353293
0.220428
0.25423
0.1946
0.386755
0.738838
0.873995
0.691221
0.556496
0.64637
0.581362
0.546738
0.516603
0.691261
0.293886
0.232223
0.222553
0.0534183
0.0910442
0.01216
0.111916
0.0105559
0.00290274
0.0597076
0.0318886
0.0326995
0.0281379
0.0227627
0.0957652
0.0143024
0.0371615
0.00996413
0.0739209
0.118325
0.136318
0.172437
0.158645
0.0787672
0.131848
0.120343
0.390549
0.109203
0.224792
0.0180505
0.0337656
0.0414898
0.12123
0.153252
0.0105687
0.04188
0.00832603
0.0146376
0.0811438
0.0111135
0.0479623
0.0179294
0.0287165
0.191794
0.0775072
0.0658829
0.156638
0.231347
0.176503
0.191131
0.201089
0.263417
0.212017
0.193135
0.14501
0.166687
0.113331
0.0196703
0.11356
0.0576858
0.0395556
0.000718954
0.00275375
0.00337803
0.00337803
0.00337803
0.0179358
0.00264764
0.00865818
0.00934138
0.132434
0.292771
0.330306
0.0783119
0.00385416
0.0666504
0.0415609
0.0675975
0.0763702
0.0676345
0.0267802
0.0272118
0.0607704
0.0359107
0.0778279
0.0340415
0.00726029
0.019466
0.020609
0.00280713
0.00870549
0.085945
0.00519637
0.0257446
0.34423
0.313897
0.586864
0.375773
0.487059
0.27871
0.241213
0.585116
0.593431
0.423506
0.287437
0.153335
0.288548
0.154648
0.104269
0.160655
0.0568608
0.105086
0.0955085
0.0581391
0.00873369
0.181534
0.0688752
0.137161
0.0509539
0.00295922
0.00364644
0.0219816
0.000213476
0.000213476
0.000213476
0.000213476
