5.276656746864318848e-01
1.300988495349884033e-01
8.284789919853210449e-01
4.140707254409790039e-01
1.064577341079711914e+00
1.113673925399780273e+00
8.189648985862731934e-01
7.852796316146850586e-01
6.010001301765441895e-01
3.604553937911987305e-01
1.047323822975158691e+00
7.203884124755859375e-01
6.271408498287200928e-02
3.709200620651245117e-01
6.821575164794921875e-01
4.105949997901916504e-01
2.767471671104431152e-01
9.551847577095031738e-01
1.076341629028320312e+00
3.805836737155914307e-01
