0.606543
0.593865
0.641159
0.595061
0.624136
0.624974
0.631862
0.605454
0.672561
0.6012
0.683662
0.613074
0.597436
0.625297
0.621445
0.62072
0.648601
0.655526
0.62634
0.621551
0.594164
0.591513
0.633987
0.625059
0.654212
0.618455
0.599715
0.655918
0.606646
0.622215
0.607252
0.597816
0.601486
0.626921
0.647147
0.625305
0.579223
0.658101
0.593391
0.599472
0.606114
0.693262
0.611424
0.590532
0.627628
0.642382
0.658414
0.617762
0.619496
0.589734
0.599458
0.60065
0.582893
0.653625
0.648889
0.606243
0.643918
0.613176
0.617429
0.628552
0.646597
