0.24237
0.25124
0.229094
0.247507
0.242887
0.236291
0.231883
0.250513
0.223482
0.247974
0.214141
0.238352
0.244507
0.237175
0.233737
0.234031
0.222451
0.219497
0.239597
0.240575
0.2511
0.25209
0.235614
0.237398
0.225449
0.235178
0.244008
0.220358
0.240649
0.243754
0.244102
0.247744
0.249223
0.23938
0.228773
0.237677
0.255348
0.218628
0.2435
0.240048
0.242189
0.207381
0.241819
0.249848
0.230755
0.232033
0.233371
0.240871
0.236892
0.254639
0.248952
0.256946
0.246788
0.224457
0.228582
0.245635
0.230638
0.242952
0.24129
0.23688
0.229533
