0.151088
0.154895
0.129747
0.157432
0.132977
0.138735
0.136255
0.144034
0.103957
0.150826
0.102197
0.148574
0.158058
0.137528
0.144818
0.145248
0.128947
0.124977
0.134063
0.137874
0.154737
0.156397
0.130399
0.137542
0.120338
0.146367
0.156276
0.123724
0.152705
0.134031
0.148646
0.15444
0.149291
0.133699
0.12408
0.137018
0.165428
0.123271
0.163109
0.16048
0.151697
0.0993575
0.146757
0.15962
0.141617
0.125586
0.108216
0.141367
0.143613
0.155627
0.15159
0.142404
0.170319
0.121918
0.122529
0.148123
0.125443
0.143872
0.141281
0.134568
0.123871
